1.605239
-5.954686
-6.159403
0.433759
-3.186462
-20.691209
2.536023
0.283709
2.973476
-6.412733
0.321328
-5.481437
0.314231
4.606774
-10.024799
-0.261353
1.124572
-3.462354
-4.290989
-1.112706
-1.977003
-1.884262
-3.316582
9.069723
-1.969893
9.814124
6.799732
-5.921995
0.875906
7.368544
-8.907321
6.145568
0.333275
0.919031
-0.035698
2.831782
2.032623
-4.193903
0.513387
-3.013142
-1.763277
2.318431
-7.118025
-1.353239
-7.112084
5.304777
7.189399
0.120856
3.214567
-2.586471
-7.973915
-1.688236
-3.009190
3.620770
-1.471554
-2.698340
-4.614524
-5.743618
-2.537934
0.227356
0.677563
2.498991
0.327899
-2.560995
-7.184004
0.529935
-18.002673
3.088370
1.045275
5.451016
2.197193
-5.285570
2.098850
-7.725233
-1.284124
-0.753135
11.410187
2.937067
-5.116866
3.166883
-4.823643
-0.914781
-5.089401
-8.936433
3.623833
5.677539
1.487163
-4.740579
1.037193
7.531311
-7.003986
9.646904
-5.141402
6.483600
-14.420490
-4.347029
-4.663921
-6.664247
-5.570151
-1.582277
